0.000000 0.246230 0.069681 -0.054068 0.092864 -0.030617 0.069668 -0.012862 0.101377 0.099832 0.058110 0.027536 0.019386 0.080389 -0.021200 0.234248 0.092436 -0.091780 0.088351 0.019247 0.114063 0.108059 0.049578 0.093847 0.124385 0.283293 0.221535 0.218138 0.098407 0.197690 0.240644 0.188838 0.016973 0.046057 0.087942 0.148987 0.070854 -0.045517 -0.032699 0.038536 -0.055290 -0.092696 0.017414 0.037215 -0.000130 0.096331 0.067681 0.039645 0.033345 -0.059136 0.066619 -0.257224 0.063176 0.086248 0.192585 0.196756 0.110696 0.195002 0.319727 0.136456 0.208567 0.134482 0.150138 0.081453
0.246230 0.000000 -0.173286 -0.228616 -0.138429 -0.234482 -0.171525 -0.246312 0.093232 -0.112113 -0.033784 -0.156009 -0.124177 -0.093536 0.084760 0.170964 0.073787 -0.091939 -0.035610 -0.109206 -0.083422 -0.013680 -0.097334 -0.111416 -0.049275 0.112680 0.033847 0.063884 -0.115357 0.029819 0.106351 0.077307 -0.098349 0.044181 -0.149346 -0.066382 0.018461 -0.208562 -0.294310 -0.177025 -0.192266 -0.043246 -0.200826 -0.110485 -0.137249 0.085085 -0.061902 -0.079824 -0.069581 -0.116389 -0.050011 -0.281759 -0.068248 -0.114441 0.093521 0.104129 -0.061973 -0.018244 0.306472 0.029663 0.115994 -0.114836 -0.082115 0.026459
0.069681 -0.173286 0.000000 -0.009961 0.065786 -0.018274 0.019646 -0.014028 0.116221 0.066440 0.122928 0.064030 0.104341 0.078681 0.228066 0.278014 0.277616 0.112747 0.155992 0.137592 0.129846 0.244332 0.142618 0.095868 0.196353 0.176570 0.202083 0.291468 0.086774 0.251690 0.345194 0.296921 0.079591 0.290299 0.086488 0.149214 0.179138 -0.056633 -0.106467 0.020491 0.054876 0.095634 0.005105 0.125657 0.049888 0.235028 0.122642 0.129215 0.137425 0.075875 0.200400 -0.254166 0.167808 0.134768 0.333792 0.363787 0.178754 0.188574 0.480498 0.222333 0.336092 0.072741 0.104228 0.225050
-0.054068 -0.228616 -0.009961 0.000000 0.114590 0.018533 0.076766 0.050887 0.139374 0.116619 0.053261 0.119296 0.116463 0.040234 0.038478 0.161135 0.233188 0.037260 0.141648 0.109421 0.229192 0.270962 0.191619 0.153828 0.287887 0.176945 0.119119 0.259979 0.175315 0.302641 0.368163 0.339051 0.070756 0.296338 0.193792 0.191660 0.149865 0.107137 -0.009212 0.111478 0.088233 0.078658 0.081438 0.178141 0.036641 0.185767 0.126076 0.117848 0.077708 0.032075 0.175833 -0.291713 0.207645 0.171707 0.246564 0.412500 0.231982 0.310807 0.396432 0.200424 0.409018 0.208099 0.186356 0.187197
0.092864 -0.138429 0.065786 0.114590 0.000000 -0.044411 0.004199 -0.056475 0.177702 0.033457 0.029684 0.049658 0.094758 0.032496 0.159678 0.187090 0.146649 0.020315 0.087624 0.053641 0.091094 0.211901 0.102999 0.074498 0.205554 0.143275 0.105034 0.202635 0.072362 0.274376 0.312901 0.231448 0.049248 0.097090 0.036678 0.081588 0.079949 -0.087911 -0.119491 0.000469 -0.009125 0.081589 -0.018169 0.091758 0.043933 0.194415 0.100486 0.076717 0.084789 0.000001 0.132408 -0.423402 0.160462 0.095429 0.227902 0.375895 0.143735 0.220233 0.472692 0.209414 0.323682 0.113392 0.085357 0.166577
-0.030617 -0.234482 -0.018274 0.018533 -0.044411 0.000000 0.024601 0.007871 0.089451 0.057267 0.172935 0.079313 0.147202 0.127926 0.298550 0.335897 0.255797 0.177720 0.131962 0.164909 0.205154 0.209859 0.146070 0.107961 0.180450 0.123606 0.244603 0.238042 0.073674 0.323551 0.390336 0.297777 0.246708 0.239233 0.100919 0.140528 0.101090 -0.005670 -0.088366 0.040566 0.069374 0.198949 0.032657 0.157455 0.112515 0.332545 0.179641 0.163856 0.160192 0.107773 0.191929 -0.293045 0.215300 0.113232 0.274981 0.362107 0.157903 0.207411 0.576817 0.337211 0.367223 0.155883 0.131108 0.261689
0.069668 -0.171525 0.019646 0.076766 0.004199 0.024601 0.000000 -0.051406 0.106477 0.046131 0.183092 0.022361 0.069063 0.075675 0.287926 0.275389 0.212135 0.086309 0.089064 0.067844 0.134282 0.164919 0.083993 0.062411 0.125854 0.131682 0.197953 0.214029 0.058362 0.236984 0.331913 0.238820 0.105189 0.194275 0.038096 0.092886 0.113717 -0.057484 -0.133391 -0.000013 0.040643 0.160239 -0.010040 0.085613 0.069803 0.281744 0.118153 0.102325 0.113234 0.044397 0.126943 -0.206226 0.130329 0.056945 0.228693 0.271000 0.111968 0.156781 0.469126 0.281868 0.313790 0.082419 0.101866 0.175540
-0.012862 -0.246312 -0.014028 0.050887 -0.056475 0.007871 -0.051406 0.000000 0.103615 0.114052 0.196962 0.120196 0.181955 0.179004 0.352649 0.407299 0.281959 0.221198 0.159720 0.159572 0.191436 0.264841 0.178306 0.143533 0.206640 0.156174 0.201124 0.266256 0.099645 0.328254 0.355949 0.270626 0.158141 0.210336 0.102190 0.153791 0.086317 -0.053043 -0.089108 0.082581 0.033430 0.218732 0.054866 0.204672 0.194687 0.386850 0.244476 0.216481 0.217151 0.149265 0.200527 -0.197571 0.238518 0.124398 0.219755 0.352515 0.179145 0.233912 0.576849 0.355012 0.368730 0.144189 0.170833 0.260947
0.101377 0.093232 0.116221 0.139374 0.177702 0.089451 0.106477 0.103615 0.000000 -0.072299 -0.006291 0.018975 0.053591 -0.003670 0.204063 0.086769 -0.020236 0.134925 -0.085098 0.007617 0.015353 0.067756 0.004655 -0.043268 -0.010311 0.149263 0.129376 0.017924 -0.044296 0.066839 0.117947 0.106149 0.099153 0.120875 -0.046429 -0.077426 0.000349 0.033029 -0.151260 -0.064776 -0.001542 0.079862 -0.063653 0.077541 0.027351 0.168959 0.011742 0.076998 0.093822 -0.006399 0.014787 -0.148869 0.078893 -0.085614 0.069544 -0.003039 -0.036164 -0.014047 0.293201 0.081820 0.182695 -0.109453 -0.022739 -0.029958
0.099832 -0.112113 0.066440 0.116619 0.033457 0.057267 0.046131 0.114052 -0.072299 0.000000 0.121270 -0.048322 -0.010073 -0.001347 0.204426 0.196320 0.150005 0.002172 0.007025 -0.037799 0.071484 0.073939 0.008228 -0.001537 0.046763 0.094746 0.077736 0.117428 -0.010359 0.171620 0.212313 0.129308 0.015127 0.122521 -0.020348 0.030525 0.113165 -0.115799 -0.169700 -0.043049 -0.019004 0.152923 -0.069728 0.015670 0.002013 0.211257 0.048453 0.016550 0.026699 -0.045104 0.022698 -0.207997 0.052609 -0.029634 0.102032 0.169780 0.036336 0.088013 0.344643 0.229038 0.206045 0.021693 0.048608 0.097193
0.058110 -0.033784 0.122928 0.053261 0.029684 0.172935 0.183092 0.196962 -0.006291 0.121270 0.000000 -0.098076 -0.040084 -0.043909 0.200155 0.232999 0.103960 0.050243 -0.060009 -0.042116 0.093938 0.023424 -0.052911 -0.100129 -0.062148 0.082036 0.102607 0.040028 -0.162106 0.106024 0.133611 0.074555 0.133183 0.038757 -0.070810 -0.053710 0.199795 -0.229464 -0.316027 -0.142417 -0.157811 0.056956 -0.171474 -0.016424 -0.038271 0.169824 0.028313 0.024773 -0.011316 -0.087156 -0.024900 -0.197830 -0.003906 -0.093528 -0.004814 0.088625 -0.087121 -0.014348 0.361450 0.158761 0.116654 -0.051943 -0.065052 0.070089
0.027536 -0.156009 0.064030 0.119296 0.049658 0.079313 0.022361 0.120196 0.018975 -0.048322 -0.098076 0.000000 0.042047 0.070194 0.279115 0.285310 0.167269 0.098872 0.030082 -0.011877 0.097926 0.084585 0.045604 0.043729 0.055484 0.075732 0.110055 0.170293 0.004813 0.194734 0.222020 0.153849 0.013151 0.137226 0.011378 0.044795 0.087353 -0.167382 -0.182198 -0.013866 -0.077083 0.122731 -0.058881 0.068744 0.082489 0.290199 0.126009 0.089815 0.104214 0.013568 0.042114 -0.180004 0.088352 -0.025122 0.021235 0.125286 0.044998 0.104229 0.376855 0.240622 0.244119 0.014750 0.090255 0.132765
0.019386 -0.124177 0.104341 0.116463 0.094758 0.147202 0.069063 0.181955 0.053591 -0.010073 -0.040084 0.042047 0.000000 0.030627 0.270857 0.271870 0.127047 0.071365 -0.018664 -0.061832 0.089412 -0.002575 -0.009417 -0.004538 -0.015806 0.123002 0.089650 0.098711 -0.037041 0.165168 0.159728 0.096906 0.030233 0.061346 -0.018153 -0.003927 0.132914 -0.198216 -0.250653 -0.054128 -0.133563 0.084497 -0.105657 0.020729 0.031848 0.275337 0.093231 0.065602 0.061174 -0.037243 -0.017740 -0.169956 0.039426 -0.090223 -0.058311 0.009095 -0.016924 0.064804 0.305799 0.195104 0.180430 -0.027072 0.056338 0.110920
0.080389 -0.093536 0.078681 0.040234 0.032496 0.127926 0.075675 0.179004 -0.003670 -0.001347 -0.043909 0.070194 0.030627 0.000000 0.288952 0.294161 0.135560 0.064451 0.005120 -0.044179 0.087050 0.028643 -0.017217 -0.028538 -0.016764 0.148826 0.150648 0.135488 -0.046659 0.153049 0.175264 0.133939 0.038286 0.118116 -0.017486 0.023794 0.226219 -0.201377 -0.259395 -0.068810 -0.118643 0.092928 -0.132865 -0.002463 -0.002595 0.239571 0.063529 0.050107 0.049104 -0.041215 -0.001783 -0.147774 0.012711 -0.084126 0.027667 0.046230 -0.022088 0.051455 0.344967 0.168289 0.178139 -0.052806 0.030649 0.098835
-0.021200 0.084760 0.228066 0.038478 0.159678 0.298550 0.287926 0.352649 0.204063 0.204426 0.200155 0.279115 0.270857 0.288952 0.000000 -0.054367 -0.140055 -0.177698 -0.215218 -0.282259 0.129458 -0.199230 -0.212987 -0.241079 -0.220260 -0.068395 -0.048009 -0.198299 -0.205453 -0.020265 0.033444 0.052133 0.152832 0.066324 -0.094683 -0.170103 0.256007 -0.116909 -0.416889 -0.264972 -0.282422 -0.069796 -0.336066 -0.219533 -0.277142 -0.046097 -0.172898 -0.184768 -0.249491 -0.294940 -0.273566 -0.045995 -0.212981 -0.288246 -0.278979 -0.169836 -0.239484 -0.140336 0.038138 0.032249 0.069877 -0.113674 -0.113010 -0.223874
0.234248 0.170964 0.278014 0.161135 0.187090 0.335897 0.275389 0.407299 0.086769 0.196320 0.232999 0.285310 0.271870 0.294161 -0.054367 0.000000 -0.107496 -0.201920 -0.161318 -0.284299 -0.083694 -0.117467 -0.217294 -0.245437 -0.163922 0.004926 -0.126055 -0.117076 -0.197563 -0.047247 -0.034492 0.019066 -0.119743 -0.060130 -0.199850 -0.175434 0.200466 -0.312100 -0.441405 -0.286314 -0.329544 -0.116297 -0.386361 -0.263218 -0.269197 -0.075137 -0.187138 -0.193700 -0.205739 -0.264695 -0.231338 -0.124826 -0.232132 -0.261551 -0.134488 -0.097664 -0.195157 -0.141383 0.068375 -0.066098 0.025952 -0.245773 -0.171551 -0.174187
0.092436 0.073787 0.277616 0.233188 0.146649 0.255797 0.212135 0.281959 -0.020236 0.150005 0.103960 0.167269 0.127047 0.135560 -0.140055 -0.107496 0.000000 -0.081075 -0.097222 -0.145023 0.008948 -0.030476 -0.112236 -0.158859 -0.094248 0.084603 0.028724 0.011984 -0.163595 0.009507 0.108527 0.112714 -0.026426 -0.000587 -0.160594 -0.161447 0.069398 -0.173621 -0.349226 -0.208270 -0.233390 0.021177 -0.233878 -0.134604 -0.120455 0.116008 -0.065195 -0.086949 -0.064228 -0.138679 -0.092806 -0.175220 -0.106418 -0.171129 -0.017434 0.002670 -0.135968 -0.037247 0.280654 0.062278 0.161355 -0.126379 -0.113634 -0.022539
-0.091780 -0.091939 0.112747 0.037260 0.020315 0.177720 0.086309 0.221198 0.134925 0.002172 0.050243 0.098872 0.071365 0.064451 -0.177698 -0.201920 -0.081075 0.000000 -0.011216 -0.102488 0.156552 -0.023914 -0.032896 -0.027489 -0.023054 0.172378 0.157718 0.133316 -0.022863 0.121744 0.190746 0.211245 0.067909 0.077815 0.022958 0.000724 0.222580 -0.176827 -0.284699 -0.084992 -0.187327 -0.025826 -0.175348 -0.041846 -0.077678 0.163394 0.014671 0.012784 0.000141 -0.103082 -0.056903 -0.036206 -0.042383 -0.106998 -0.053387 -0.053573 -0.042823 0.066203 0.267223 0.148488 0.237627 -0.004998 0.053018 0.027156
0.088351 -0.035610 0.155992 0.141648 0.087624 0.131962 0.089064 0.159720 -0.085098 0.007025 -0.060009 0.030082 -0.018664 0.005120 -0.215218 -0.161318 -0.097222 -0.011216 0.000000 -0.066012 0.024524 0.039784 0.002254 -0.019798 0.006221 0.145780 0.003087 0.040562 -0.034576 0.115611 0.115227 0.020677 -0.003030 -0.002460 -0.074259 -0.051693 0.122152 -0.191979 -0.234581 -0.061436 -0.097753 0.126806 -0.068549 0.024560 0.018336 0.205317 0.068632 0.029094 0.039580 -0.052808 0.003466 -0.198400 0.058296 -0.054529 -0.021655 0.071867 -0.008748 0.065531 0.266937 0.181412 0.128328 0.023365 0.006368 0.053821
0.019247 -0.109206 0.137592 0.109421 0.053641 0.164909 0.067844 0.159572 0.007617 -0.037799 -0.042116 -0.011877 -0.061832 -0.044179 -0.282259 -0.284299 -0.145023 -0.102488 -0.066012 0.000000 0.098710 0.120800 0.064512 0.037451 0.080816 0.120988 0.089090 0.158185 0.017914 0.172912 0.208339 0.144765 0.018056 0.034119 -0.001360 0.013843 0.111836 -0.239834 -0.262019 -0.028040 -0.148427 0.035952 -0.070685 0.079748 0.083306 0.268655 0.149294 0.121047 0.108176 0.019575 0.064355 -0.148531 0.094682 0.003929 0.000601 0.132807 0.046637 0.132989 0.361884 0.189732 0.246207 0.063874 0.062425 0.117935
0.114063 -0.083422 0.129846 0.229192 0.091094 0.205154 0.134282 0.191436 0.015353 0.071484 0.093938 0.097926 0.089412 0.087050 0.129458 -0.083694 0.008948 0.156552 0.024524 0.098710 0.000000 0.032660 -0.038203 -0.039615 0.045815 0.121435 0.044241 0.074241 -0.028923 0.074663 0.164786 0.138801 -0.068276 0.052559 -0.037255 -0.011065 -0.081272 -0.156520 -0.211142 -0.118752 -0.192432 -0.201050 -0.142118 -0.045335 -0.149484 0.000108 -0.047064 -0.068714 -0.089001 -0.163741 -0.040633 -0.415310 -0.018864 -0.030523 0.074233 0.169076 0.004685 0.076548 0.292490 0.006750 0.201469 0.050309 0.005663 -0.057629
0.108059 -0.013680 0.244332 0.270962 0.211901 0.209859 0.164919 0.264841 0.067756 0.073939 0.023424 0.084585 -0.002575 0.028643 -0.199230 -0.117467 -0.030476 -0.023914 0.039784 0.120800 0.032660 0.000000 -0.023837 -0.045180 0.008823 -0.009716 -0.126758 -0.020293 -0.062255 0.101894 0.076962 -0.034530 -0.052196 -0.075092 -0.115288 -0.119670 -0.105255 -0.287800 -0.312023 -0.120330 -0.191253 0.035431 -0.143172 0.014955 0.020595 0.211902 0.072597 0.022349 0.026824 -0.058706 -0.041384 -0.277813 0.039073 -0.089279 -0.126207 0.075858 -0.026791 0.046391 0.251270 0.142713 0.138758 0.025652 -0.005751 0.021112
0.049578 -0.097334 0.142618 0.191619 0.102999 0.146070 0.083993 0.178306 0.004655 0.008228 -0.052911 0.045604 -0.009417 -0.017217 -0.212987 -0.217294 -0.112236 -0.032896 0.002254 0.064512 -0.038203 -0.023837 0.000000 -0.004168 0.013993 0.093245 0.029998 0.082027 -0.035823 0.140892 0.154464 0.074800 -0.008425 0.016786 -0.057231 -0.032087 0.021269 -0.211816 -0.233711 -0.063579 -0.132519 0.091411 -0.092905 0.021324 0.025169 0.241030 0.083073 0.036325 0.048448 -0.038425 -0.004509 -0.228722 0.052189 -0.064090 -0.028083 0.080943 -0.002268 0.075259 0.327495 0.198892 0.182978 0.026543 0.033813 0.086219
0.093847 -0.111416 0.095868 0.153828 0.074498 0.107961 0.062411 0.143533 -0.043268 -0.001537 -0.100129 0.043729 -0.004538 -0.028538 -0.241079 -0.245437 -0.158859 -0.027489 -0.019798 0.037451 -0.039615 -0.045180 -0.004168 0.000000 0.021547 0.124009 0.097242 0.131832 -0.025287 0.157133 0.193081 0.116619 0.007768 0.090623 -0.048570 0.007153 0.074114 -0.163588 -0.206640 -0.060583 -0.073309 0.124018 -0.081504 0.013167 0.015129 0.241398 0.069354 0.034921 0.053698 -0.028349 0.023430 -0.196502 0.052757 -0.043443 0.074332 0.117057 0.018311 0.073660 0.358213 0.214374 0.191068 -0.007770 0.038332 0.112337
0.124385 -0.049275 0.196353 0.287887 0.205554 0.180450 0.125854 0.206640 -0.010311 0.046763 -0.062148 0.055484 -0.015806 -0.016764 -0.220260 -0.163922 -0.094248 -0.023054 0.006221 0.080816 0.045815 0.008823 0.013993 0.021547 0.000000 0.046891 -0.036129 0.026338 -0.046876 0.098637 0.121325 0.016895 -0.035093 -0.034078 -0.123613 -0.093020 -0.115844 -0.225307 -0.252260 -0.100245 -0.131083 0.089662 -0.096112 0.007160 0.018842 0.236248 0.073331 0.022903 0.043662 -0.026831 -0.008493 -0.259462 0.055577 -0.072446 -0.037774 0.074921 -0.013135 0.046356 0.303317 0.170140 0.153577 0.013147 -0.002057 0.070508
0.283293 0.112680 0.176570 0.176945 0.143275 0.123606 0.131682 0.156174 0.149263 0.094746 0.082036 0.075732 0.123002 0.148826 -0.068395 0.004926 0.084603 0.172378 0.145780 0.120988 0.121435 -0.009716 0.093245 0.124009 0.046891 0.000000 0.010730 0.031274 -0.089379 -0.021849 0.019608 0.021730 -0.321987 -0.114618 -0.118095 -0.088917 0.149949 -0.405652 -0.225523 -0.127044 -0.084333 -0.173662 -0.154995 -0.147697 -0.103730 -0.037238 -0.086983 -0.070672 -0.074525 -0.193905 -0.069439 -0.330171 -0.116452 -0.064893 0.041625 -0.062631 -0.069639 -0.063993 -0.021410 -0.159182 0.007244 -0.210820 -0.148492 -0.067661
0.221535 0.033847 0.202083 0.119119 0.105034 0.244603 0.197953 0.201124 0.129376 0.077736 0.102607 0.110055 0.089650 0.150648 -0.048009 -0.126055 0.028724 0.157718 0.003087 0.089090 0.044241 -0.126758 0.029998 0.097242 -0.036129 0.010730 0.000000 0.047743 -0.058881 0.118845 0.117033 0.098075 -0.037536 0.106323 -0.093351 -0.013878 0.102136 -0.243783 -0.312039 -0.165547 -0.194808 -0.114965 -0.190245 -0.075791 -0.113918 -0.029109 -0.031300 -0.067238 -0.093015 -0.162182 -0.036196 -0.192449 -0.022511 -0.010355 0.114324 0.208331 0.001595 -0.001326 0.204588 0.043703 0.103559 -0.067916 -0.077593 -0.152334
0.218138 0.063884 0.291468 0.259979 0.202635 0.238042 0.214029 0.266256 0.017924 0.117428 0.040028 0.170293 0.098711 0.135488 -0.198299 -0.117076 0.011984 0.133316 0.040562 0.158185 0.074241 -0.020293 0.082027 0.131832 0.026338 0.031274 0.047743 0.000000 -0.101877 0.100420 0.111472 0.046323 -0.028428 0.015296 -0.189799 -0.122795 -0.041764 -0.189254 -0.343658 -0.200434 -0.185759 0.100277 -0.208148 -0.116005 -0.079518 0.115121 -0.029373 -0.097861 -0.073908 -0.133855 -0.080073 -0.144338 -0.048373 -0.113665 0.037163 0.132801 -0.066174 -0.006537 0.265278 0.140616 0.120267 -0.076854 -0.089808 -0.089762
0.098407 -0.115357 0.086774 0.175315 0.072362 0.073674 0.058362 0.099645 -0.044296 -0.010359 -0.162106 0.004813 -0.037041 -0.046659 -0.205453 -0.197563 -0.163595 -0.022863 -0.034576 0.017914 -0.028923 -0.062255 -0.035823 -0.025287 -0.046876 -0.089379 -0.058881 -0.101877 0.000000 0.136506 0.185195 0.082930 -0.012388 0.056223 -0.042750 0.004101 0.009823 -0.182920 -0.162472 -0.029244 -0.020363 0.130436 -0.023778 0.047658 0.036418 0.228226 0.093141 0.051305 0.056890 -0.014338 0.046047 -0.220370 0.087274 0.002901 0.062742 0.137605 0.042450 0.088399 0.322593 0.210282 0.177871 0.063011 0.041119 0.099741
0.197690 0.029819 0.251690 0.302641 0.274376 0.323551 0.236984 0.328254 0.066839 0.171620 0.106024 0.194734 0.165168 0.153049 -0.020265 -0.047247 0.009507 0.121744 0.115611 0.172912 0.074663 0.101894 0.140892 0.157133 0.098637 -0.021849 0.118845 0.100420 0.136506 0.000000 0.052376 0.021077 -0.079777 -0.002015 -0.164691 -0.148429 -0.048071 -0.211503 -0.352693 -0.227855 -0.239489 -0.118421 -0.251690 -0.151984 -0.194342 0.055233 -0.096994 -0.114075 -0.127012 -0.161887 -0.125911 -0.336189 -0.102740 -0.175992 -0.044967 0.009388 -0.097675 -0.070581 0.168547 -0.005621 0.103481 -0.122908 -0.097017 -0.031222
0.240644 0.106351 0.345194 0.368163 0.312901 0.390336 0.331913 0.355949 0.117947 0.212313 0.133611 0.222020 0.159728 0.175264 0.033444 -0.034492 0.108527 0.190746 0.115227 0.208339 0.164786 0.076962 0.154464 0.193081 0.121325 0.019608 0.117033 0.111472 0.185195 0.052376 0.000000 -0.076196 -0.080122 -0.057372 -0.253578 -0.211069 -0.182940 -0.286044 -0.428895 -0.291395 -0.332841 -0.186995 -0.264686 -0.146612 -0.184291 -0.016884 -0.102825 -0.149609 -0.152405 -0.216180 -0.145523 -0.290024 -0.105029 -0.163225 -0.064197 0.038725 -0.140113 -0.113750 0.176060 -0.010475 0.021065 -0.088218 -0.162913 -0.199713
0.188838 0.077307 0.296921 0.339051 0.231448 0.297777 0.238820 0.270626 0.106149 0.129308 0.074555 0.153849 0.096906 0.133939 0.052133 0.019066 0.112714 0.211245 0.020677 0.144765 0.138801 -0.034530 0.074800 0.116619 0.016895 0.021730 0.098075 0.046323 0.082930 0.021077 -0.076196 0.000000 -0.086385 -0.042459 -0.203058 -0.155687 -0.182552 -0.276865 -0.322267 -0.233820 -0.262790 -0.190926 -0.192855 -0.114670 -0.138047 -0.058743 -0.069651 -0.132981 -0.091694 -0.167866 -0.059865 -0.293187 -0.054538 -0.045326 0.051699 0.146054 -0.041123 -0.050028 0.187945 0.046106 0.095547 0.019279 -0.105265 -0.213320
0.016973 -0.098349 0.079591 0.070756 0.049248 0.246708 0.105189 0.158141 0.099153 0.015127 0.133183 0.013151 0.030233 0.038286 0.152832 -0.119743 -0.026426 0.067909 -0.003030 0.018056 -0.068276 -0.052196 -0.008425 0.007768 -0.035093 -0.321987 -0.037536 -0.028428 -0.012388 -0.079777 -0.080122 -0.086385 0.000000 0.087102 0.053864 0.036354 0.139506 -0.118700 -0.206798 -0.062410 -0.182957 -0.302565 -0.087196 0.028941 -0.133362 -0.004677 -0.002630 0.029190 -0.032774 -0.125964 0.002776 -0.314714 0.023971 0.010953 0.064587 0.053108 0.044529 0.067091 0.137449 -0.048456 0.122216 0.020101 0.048717 -0.026785
0.046057 0.044181 0.290299 0.296338 0.097090 0.239233 0.194275 0.210336 0.120875 0.122521 0.038757 0.137226 0.061346 0.118116 0.066324 -0.060130 -0.000587 0.077815 -0.002460 0.034119 0.052559 -0.075092 0.016786 0.090623 -0.034078 -0.114618 0.106323 0.015296 0.056223 -0.002015 -0.057372 -0.042459 0.087102 0.000000 -0.109725 -0.104337 -0.213433 -0.142985 -0.236368 -0.128264 -0.164112 -0.063941 -0.127532 -0.029632 -0.110096 0.060531 -0.032582 -0.066012 -0.039430 -0.069050 0.003573 -0.220606 -0.023350 -0.027611 0.158287 0.145473 0.008936 0.025748 0.216075 0.049442 0.138176 0.086437 -0.066477 -0.053998
0.087942 -0.149346 0.086488 0.193792 0.036678 0.100919 0.038096 0.102190 -0.046429 -0.020348 -0.070810 0.011378 -0.018153 -0.017486 -0.094683 -0.199850 -0.160594 0.022958 -0.074259 -0.001360 -0.037255 -0.115288 -0.057231 -0.048570 -0.123613 -0.118095 -0.093351 -0.189799 -0.042750 -0.164691 -0.253578 -0.203058 0.053864 -0.109725 0.000000 0.055095 -0.034371 -0.149843 -0.144541 -0.027263 -0.061201 0.012556 -0.046955 0.036950 -0.016632 0.172063 0.065863 0.030491 0.038262 -0.024356 0.073402 -0.317743 0.081676 0.044385 0.165626 0.241949 0.094856 0.151083 0.387666 0.152505 0.274517 0.087898 0.064538 0.113192
0.148987 -0.066382 0.149214 0.191660 0.081588 0.140528 0.092886 0.153791 -0.077426 0.030525 -0.053710 0.044795 -0.003927 0.023794 -0.170103 -0.175434 -0.161447 0.000724 -0.051693 0.013843 -0.011065 -0.119670 -0.032087 0.007153 -0.093020 -0.088917 -0.013878 -0.122795 0.004101 -0.148429 -0.211069 -0.155687 0.036354 -0.104337 0.055095 0.000000 0.024247 -0.157487 -0.214501 -0.077438 -0.069592 0.074089 -0.094585 0.012545 -0.024582 0.180971 0.047355 0.020104 0.030730 -0.019084 0.061207 -0.267745 0.064272 0.007792 0.158306 0.242762 0.066031 0.100708 0.365017 0.159877 0.238694 0.017410 0.010693 0.110257
0.070854 0.018461 0.179138 0.149865 0.079949 0.101090 0.113717 0.086317 0.000349 0.113165 0.199795 0.087353 0.132914 0.226219 0.256007 0.200466 0.069398 0.222580 0.122152 0.111836 -0.081272 -0.105255 0.021269 0.074114 -0.115844 0.149949 0.102136 -0.041764 0.009823 -0.048071 -0.182940 -0.182552 0.139506 -0.213433 -0.034371 0.024247 0.000000 0.103931 -0.123954 -0.092721 -0.049457 -0.176815 -0.098891 -0.050873 -0.167643 -0.107270 -0.134575 -0.133762 -0.182306 -0.191762 -0.046099 -0.342676 -0.047892 -0.004732 0.063717 0.277309 0.034173 0.091701 0.052042 -0.092392 0.242385 0.013250 -0.029219 -0.083878
-0.045517 -0.208562 -0.056633 0.107137 -0.087911 -0.005670 -0.057484 -0.053043 0.033029 -0.115799 -0.229464 -0.167382 -0.198216 -0.201377 -0.116909 -0.312100 -0.173621 -0.176827 -0.191979 -0.239834 -0.156520 -0.287800 -0.211816 -0.163588 -0.225307 -0.405652 -0.243783 -0.189254 -0.182920 -0.211503 -0.286044 -0.276865 -0.118700 -0.142985 -0.149843 -0.157487 0.103931 0.000000 0.043432 0.129225 0.108733 0.023420 0.128663 0.229106 0.123860 0.254766 0.205739 0.236737 0.239422 0.151643 0.238503 -0.220258 0.226013 0.205336 0.386137 0.238060 0.222195 0.223899 0.473512 0.197044 0.349047 0.229681 0.193404 0.126295
-0.032699 -0.294310 -0.106467 -0.009212 -0.119491 -0.088366 -0.133391 -0.089108 -0.151260 -0.169700 -0.316027 -0.182198 -0.250653 -0.259395 -0.416889 -0.441405 -0.349226 -0.284699 -0.234581 -0.262019 -0.211142 -0.312023 -0.233711 -0.206640 -0.252260 -0.225523 -0.312039 -0.343658 -0.162472 -0.352693 -0.428895 -0.322267 -0.206798 -0.236368 -0.144541 -0.214501 -0.123954 0.043432 0.000000 0.136886 0.145547 0.251554 0.131703 0.248874 0.241104 0.422899 0.281934 0.271180 0.301610 0.226966 0.301092 -0.220734 0.296472 0.205819 0.367204 0.394415 0.247823 0.264783 0.640604 0.410013 0.404377 0.202106 0.209255 0.347524
0.038536 -0.177025 0.020491 0.111478 0.000469 0.040566 -0.000013 0.082581 -0.064776 -0.043049 -0.142417 -0.013866 -0.054128 -0.068810 -0.264972 -0.286314 -0.208270 -0.084992 -0.061436 -0.028040 -0.118752 -0.120330 -0.063579 -0.060583 -0.100245 -0.127044 -0.165547 -0.200434 -0.029244 -0.227855 -0.291395 -0.233820 -0.062410 -0.128264 -0.027263 -0.077438 -0.092721 0.129225 0.136886 0.000000 -0.013731 0.156149 -0.043654 0.065606 0.056481 0.276614 0.113083 0.089359 0.100225 0.022210 0.079686 -0.225247 0.108910 0.015075 0.138039 0.204853 0.079326 0.143351 0.466634 0.272273 0.301527 0.055475 0.095644 0.178172
-0.055290 -0.192266 0.054876 0.088233 -0.009125 0.069374 0.040643 0.033430 -0.001542 -0.019004 -0.157811 -0.077083 -0.133563 -0.118643 -0.282422 -0.329544 -0.233390 -0.187327 -0.097753 -0.148427 -0.192432 -0.191253 -0.132519 -0.073309 -0.131083 -0.084333 -0.194808 -0.185759 -0.020363 -0.239489 -0.332841 -0.262790 -0.182957 -0.164112 -0.061201 -0.069592 -0.049457 0.108733 0.145547 -0.013731 0.000000 0.139823 0.012655 0.144110 0.117370 0.331004 0.192027 0.173294 0.154205 0.102994 0.164793 -0.260517 0.180144 0.089382 0.174824 0.276030 0.104578 0.158409 0.522850 0.278061 0.340078 0.135568 0.078749 0.228313
-0.092696 -0.043246 0.095634 0.078658 0.081589 0.198949 0.160239 0.218732 0.079862 0.152923 0.056956 0.122731 0.084497 0.092928 -0.069796 -0.116297 0.021177 -0.025826 0.126806 0.035952 -0.201050 0.035431 0.091411 0.124018 0.089662 -0.173662 -0.114965 0.100277 0.130436 -0.118421 -0.186995 -0.190926 -0.302565 -0.063941 0.012556 0.074089 -0.176815 0.023420 0.251554 0.156149 0.139823 0.000000 -0.206372 -0.069720 -0.145076 0.115767 -0.057296 -0.025271 -0.045930 -0.117295 -0.073413 -0.305432 -0.034703 -0.154661 0.038091 0.008964 -0.095151 -0.036754 0.364948 0.180315 0.232856 -0.017396 -0.021587 0.016071
0.017414 -0.200826 0.005105 0.081438 -0.018169 0.032657 -0.010040 0.054866 -0.063653 -0.069728 -0.171474 -0.058881 -0.105657 -0.132865 -0.336066 -0.386361 -0.233878 -0.175348 -0.068549 -0.070685 -0.142118 -0.143172 -0.092905 -0.081504 -0.096112 -0.154995 -0.190245 -0.208148 -0.023778 -0.251690 -0.264686 -0.192855 -0.087196 -0.127532 -0.046955 -0.094585 -0.098891 0.128663 0.131703 -0.043654 0.012655 -0.206372 0.000000 0.133003 0.141439 0.361434 0.186086 0.161231 0.156586 0.074036 0.102067 -0.180829 0.153106 0.020924 0.098647 0.183915 0.078023 0.155969 0.491836 0.291233 0.274025 0.058685 0.114951 0.214591
0.037215 -0.110485 0.125657 0.178141 0.091758 0.157455 0.085613 0.204672 0.077541 0.015670 -0.016424 0.068744 0.020729 -0.002463 -0.219533 -0.263218 -0.134604 -0.041846 0.024560 0.079748 -0.045335 0.014955 0.021324 0.013167 0.007160 -0.147697 -0.075791 -0.116005 0.047658 -0.151984 -0.146612 -0.114670 0.028941 -0.029632 0.036950 0.012545 -0.050873 0.229106 0.248874 0.065606 0.144110 -0.069720 0.133003 0.000000 -0.010646 0.252536 0.061839 0.038297 0.039698 -0.059585 -0.032260 -0.201735 0.019025 -0.099732 -0.024247 0.008692 -0.019138 0.068758 0.327584 0.167089 0.188104 -0.037641 0.038957 0.110789
-0.000130 -0.137249 0.049888 0.036641 0.043933 0.112515 0.069803 0.194687 0.027351 0.002013 -0.038271 0.082489 0.031848 -0.002595 -0.277142 -0.269197 -0.120455 -0.077678 0.018336 0.083306 -0.149484 0.020595 0.025169 0.015129 0.018842 -0.103730 -0.113918 -0.079518 0.036418 -0.194342 -0.184291 -0.138047 -0.133362 -0.110096 -0.016632 -0.024582 -0.167643 0.123860 0.241104 0.056481 0.117370 -0.145076 0.141439 -0.010646 0.000000 0.263069 0.072605 0.051137 0.028750 -0.049079 -0.050502 -0.105784 0.021143 -0.118431 -0.075354 0.025374 -0.033154 0.073702 0.352866 0.231720 0.210679 -0.003401 0.084334 0.085982
0.096331 0.085085 0.235028 0.185767 0.194415 0.332545 0.281744 0.386850 0.168959 0.211257 0.169824 0.290199 0.275337 0.239571 -0.046097 -0.075137 0.116008 0.163394 0.205317 0.268655 0.000108 0.211902 0.241030 0.241398 0.236248 -0.037238 -0.029109 0.115121 0.228226 0.055233 -0.016884 -0.058743 -0.004677 0.060531 0.172063 0.180971 -0.107270 0.254766 0.422899 0.276614 0.331004 0.115767 0.361434 0.252536 0.263069 0.000000 -0.170273 -0.174887 -0.201224 -0.267685 -0.258723 -0.129813 -0.238044 -0.307811 -0.183361 -0.207650 -0.252937 -0.152768 0.150805 -0.018131 0.060394 -0.187642 -0.146619 -0.158788
0.067681 -0.061902 0.122642 0.126076 0.100486 0.179641 0.118153 0.244476 0.011742 0.048453 0.028313 0.126009 0.093231 0.063529 -0.172898 -0.187138 -0.065195 0.014671 0.068632 0.149294 -0.047064 0.072597 0.083073 0.069354 0.073331 -0.086983 -0.031300 -0.029373 0.093141 -0.096994 -0.102825 -0.069651 -0.002630 -0.032582 0.065863 0.047355 -0.134575 0.205739 0.281934 0.113083 0.192027 -0.057296 0.186086 0.061839 0.072605 -0.170273 0.000000 -0.030118 -0.038331 -0.116622 -0.104125 -0.181305 -0.042607 -0.164945 -0.123049 -0.027375 -0.086532 0.009903 0.266701 0.134834 0.136793 -0.063207 0.002599 0.028112
0.039645 -0.079824 0.129215 0.117848 0.076717 0.163856 0.102325 0.216481 0.076998 0.016550 0.024773 0.089815 0.065602 0.050107 -0.184768 -0.193700 -0.086949 0.012784 0.029094 0.121047 -0.068714 0.022349 0.036325 0.034921 0.022903 -0.070672 -0.067238 -0.097861 0.051305 -0.114075 -0.149609 -0.132981 0.029190 -0.066012 0.030491 0.020104 -0.133762 0.236737 0.271180 0.089359 0.173294 -0.025271 0.161231 0.038297 0.051137 -0.174887 -0.030118 0.000000 -0.010276 -0.099932 -0.063883 -0.161956 -0.022344 -0.108075 -0.088544 -0.000214 -0.046004 0.048757 0.265563 0.123153 0.187849 -0.037677 0.021720 0.032673
0.033345 -0.069581 0.137425 0.077708 0.084789 0.160192 0.113234 0.217151 0.093822 0.026699 -0.011316 0.104214 0.061174 0.049104 -0.249491 -0.205739 -0.064228 0.000141 0.039580 0.108176 -0.089001 0.026824 0.048448 0.053698 0.043662 -0.074525 -0.093015 -0.073908 0.056890 -0.127012 -0.152405 -0.091694 -0.032774 -0.039430 0.038262 0.030730 -0.182306 0.239422 0.301610 0.100225 0.154205 -0.045930 0.156586 0.039698 0.028750 -0.201224 -0.038331 -0.010276 0.000000 -0.098268 -0.056183 -0.128956 -0.023365 -0.110908 -0.069296 -0.013589 -0.055486 0.034719 0.250216 0.161439 0.156532 -0.020427 0.013554 0.029988
-0.059136 -0.116389 0.075875 0.032075 0.000001 0.107773 0.044397 0.149265 -0.006399 -0.045104 -0.087156 0.013568 -0.037243 -0.041215 -0.294940 -0.264695 -0.138679 -0.103082 -0.052808 0.019575 -0.163741 -0.058706 -0.038425 -0.028349 -0.026831 -0.193905 -0.162182 -0.133855 -0.014338 -0.161887 -0.216180 -0.167866 -0.125964 -0.069050 -0.024356 -0.019084 -0.191762 0.151643 0.226966 0.022210 0.102994 -0.117295 0.074036 -0.059585 -0.049079 -0.267685 -0.116622 -0.099932 -0.098268 0.000000 0.030077 -0.045918 0.065055 -0.040923 -0.014771 0.038009 0.008089 0.111114 0.365409 0.246475 0.247080 0.076253 0.088648 0.087717
0.066619 -0.050011 0.200400 0.175833 0.132408 0.191929 0.126943 0.200527 0.014787 0.022698 -0.024900 0.042114 -0.017740 -0.001783 -0.273566 -0.231338 -0.092806 -0.056903 0.003466 0.064355 -0.040633 -0.041384 -0.004509 0.023430 -0.008493 -0.069439 -0.036196 -0.080073 0.046047 -0.125911 -0.145523 -0.059865 0.002776 0.003573 0.073402 0.061207 -0.046099 0.238503 0.301092 0.079686 0.164793 -0.073413 0.102067 -0.032260 -0.050502 -0.258723 -0.104125 -0.063883 -0.056183 0.030077 0.000000 -0.162078 0.051780 -0.066775 -0.065411 0.066588 -0.022784 0.072895 0.309280 0.166419 0.175088 0.014799 0.004530 0.066538
-0.257224 -0.281759 -0.254166 -0.291713 -0.423402 -0.293045 -0.206226 -0.197571 -0.148869 -0.207997 -0.197830 -0.180004 -0.169956 -0.147774 -0.045995 -0.124826 -0.175220 -0.036206 -0.198400 -0.148531 -0.415310 -0.277813 -0.228722 -0.196502 -0.259462 -0.330171 -0.192449 -0.144338 -0.220370 -0.336189 -0.290024 -0.293187 -0.314714 -0.220606 -0.317743 -0.267745 -0.342676 -0.220258 -0.220734 -0.225247 -0.260517 -0.305432 -0.180829 -0.201735 -0.105784 -0.129813 -0.181305 -0.161956 -0.128956 -0.045918 -0.162078 0.000000 0.193679 0.237584 0.216372 0.280975 0.219099 0.317832 0.298977 0.328188 0.296238 0.323550 0.303842 0.077341
0.063176 -0.068248 0.167808 0.207645 0.160462 0.215300 0.130329 0.238518 0.078893 0.052609 -0.003906 0.088352 0.039426 0.012711 -0.212981 -0.232132 -0.106418 -0.042383 0.058296 0.094682 -0.018864 0.039073 0.052189 0.052757 0.055577 -0.116452 -0.022511 -0.048373 0.087274 -0.102740 -0.105029 -0.054538 0.023971 -0.023350 0.081676 0.064272 -0.047892 0.226013 0.296472 0.108910 0.180144 -0.034703 0.153106 0.019025 0.021143 -0.238044 -0.042607 -0.022344 -0.023365 0.065055 0.051780 0.193679 0.000000 -0.132077 -0.062914 -0.020213 -0.051754 0.009601 0.277905 0.147989 0.144686 -0.077409 0.000028 0.083936
0.086248 -0.114441 0.134768 0.171707 0.095429 0.113232 0.056945 0.124398 -0.085614 -0.029634 -0.093528 -0.025122 -0.090223 -0.084126 -0.288246 -0.261551 -0.171129 -0.106998 -0.054529 0.003929 -0.030523 -0.089279 -0.064090 -0.043443 -0.072446 -0.064893 -0.010355 -0.113665 0.002901 -0.175992 -0.163225 -0.045326 0.010953 -0.027611 0.044385 0.007792 -0.004732 0.205336 0.205819 0.015075 0.089382 -0.154661 0.020924 -0.099732 -0.118431 -0.307811 -0.164945 -0.108075 -0.110908 -0.040923 -0.066775 0.237584 -0.132077 0.000000 -0.019697 0.167321 0.047295 0.126392 0.356750 0.211775 0.181398 0.061758 0.052946 0.157005
0.192585 0.093521 0.333792 0.246564 0.227902 0.274981 0.228693 0.219755 0.069544 0.102032 -0.004814 0.021235 -0.058311 0.027667 -0.278979 -0.134488 -0.017434 -0.053387 -0.021655 0.000601 0.074233 -0.126207 -0.028083 0.074332 -0.037774 0.041625 0.114324 0.037163 0.062742 -0.044967 -0.064197 0.051699 0.064587 0.158287 0.165626 0.158306 0.063717 0.386137 0.367204 0.138039 0.174824 0.038091 0.098647 -0.024247 -0.075354 -0.183361 -0.123049 -0.088544 -0.069296 -0.014771 -0.065411 0.216372 -0.062914 -0.019697 0.000000 0.138839 -0.002994 0.019543 0.193028 0.048143 0.087422 0.022194 -0.113334 0.020997
0.196756 0.104129 0.363787 0.412500 0.375895 0.362107 0.271000 0.352515 -0.003039 0.169780 0.088625 0.125286 0.009095 0.046230 -0.169836 -0.097664 0.002670 -0.053573 0.071867 0.132807 0.169076 0.075858 0.080943 0.117057 0.074921 -0.062631 0.208331 0.132801 0.137605 0.009388 0.038725 0.146054 0.053108 0.145473 0.241949 0.242762 0.277309 0.238060 0.394415 0.204853 0.276030 0.008964 0.183915 0.008692 0.025374 -0.207650 -0.027375 -0.000214 -0.013589 0.038009 0.066588 0.280975 -0.020213 0.167321 0.138839 0.000000 -0.094865 -0.041272 0.238221 0.052272 0.055052 -0.060599 -0.099163 0.004745
0.110696 -0.061973 0.178754 0.231982 0.143735 0.157903 0.111968 0.179145 -0.036164 0.036336 -0.087121 0.044998 -0.016924 -0.022088 -0.239484 -0.195157 -0.135968 -0.042823 -0.008748 0.046637 0.004685 -0.026791 -0.002268 0.018311 -0.013135 -0.069639 0.001595 -0.066174 0.042450 -0.097675 -0.140113 -0.041123 0.044529 0.008936 0.094856 0.066031 0.034173 0.222195 0.247823 0.079326 0.104578 -0.095151 0.078023 -0.019138 -0.033154 -0.252937 -0.086532 -0.046004 -0.055486 0.008089 -0.022784 0.219099 -0.051754 0.047295 -0.002994 -0.094865 0.000000 0.063181 0.302435 0.161871 0.161764 0.017708 -0.000310 0.114308
0.195002 -0.018244 0.188574 0.310807 0.220233 0.207411 0.156781 0.233912 -0.014047 0.088013 -0.014348 0.104229 0.064804 0.051455 -0.140336 -0.141383 -0.037247 0.066203 0.065531 0.132989 0.076548 0.046391 0.075259 0.073660 0.046356 -0.063993 -0.001326 -0.006537 0.088399 -0.070581 -0.113750 -0.050028 0.067091 0.025748 0.151083 0.100708 0.091701 0.223899 0.264783 0.143351 0.158409 -0.036754 0.155969 0.068758 0.073702 -0.152768 0.009903 0.048757 0.034719 0.111114 0.072895 0.317832 0.009601 0.126392 0.019543 -0.041272 0.063181 0.000000 0.305502 0.107450 0.141476 -0.062704 -0.046424 -0.000256
0.319727 0.306472 0.480498 0.396432 0.472692 0.576817 0.469126 0.576849 0.293201 0.344643 0.361450 0.376855 0.305799 0.344967 0.038138 0.068375 0.280654 0.267223 0.266937 0.361884 0.292490 0.251270 0.327495 0.358213 0.303317 -0.021410 0.204588 0.265278 0.322593 0.168547 0.176060 0.187945 0.137449 0.216075 0.387666 0.365017 0.052042 0.473512 0.640604 0.466634 0.522850 0.364948 0.491836 0.327584 0.352866 0.150805 0.266701 0.265563 0.250216 0.365409 0.309280 0.298977 0.277905 0.356750 0.193028 0.238221 0.302435 0.305502 0.000000 -0.160083 -0.127600 -0.330497 -0.311379 -0.331963
0.136456 0.029663 0.222333 0.200424 0.209414 0.337211 0.281868 0.355012 0.081820 0.229038 0.158761 0.240622 0.195104 0.168289 0.032249 -0.066098 0.062278 0.148488 0.181412 0.189732 0.006750 0.142713 0.198892 0.214374 0.170140 -0.159182 0.043703 0.140616 0.210282 -0.005621 -0.010475 0.046106 -0.048456 0.049442 0.152505 0.159877 -0.092392 0.197044 0.410013 0.272273 0.278061 0.180315 0.291233 0.167089 0.231720 -0.018131 0.134834 0.123153 0.161439 0.246475 0.166419 0.328188 0.147989 0.211775 0.048143 0.052272 0.161871 0.107450 -0.160083 0.000000 0.017006 -0.142466 -0.111585 -0.068292
0.208567 0.115994 0.336092 0.409018 0.323682 0.367223 0.313790 0.368730 0.182695 0.206045 0.116654 0.244119 0.180430 0.178139 0.069877 0.025952 0.161355 0.237627 0.128328 0.246207 0.201469 0.138758 0.182978 0.191068 0.153577 0.007244 0.103559 0.120267 0.177871 0.103481 0.021065 0.095547 0.122216 0.138176 0.274517 0.238694 0.242385 0.349047 0.404377 0.301527 0.340078 0.232856 0.274025 0.188104 0.210679 0.060394 0.136793 0.187849 0.156532 0.247080 0.175088 0.296238 0.144686 0.181398 0.087422 0.055052 0.161764 0.141476 -0.127600 0.017006 0.000000 -0.068467 -0.163137 -0.248321
0.134482 -0.114836 0.072741 0.208099 0.113392 0.155883 0.082419 0.144189 -0.109453 0.021693 -0.051943 0.014750 -0.027072 -0.052806 -0.113674 -0.245773 -0.126379 -0.004998 0.023365 0.063874 0.050309 0.025652 0.026543 -0.007770 0.013147 -0.210820 -0.067916 -0.076854 0.063011 -0.122908 -0.088218 0.019279 0.020101 0.086437 0.087898 0.017410 0.013250 0.229681 0.202106 0.055475 0.135568 -0.017396 0.058685 -0.037641 -0.003401 -0.187642 -0.063207 -0.037677 -0.020427 0.076253 0.014799 0.323550 -0.077409 0.061758 0.022194 -0.060599 0.017708 -0.062704 -0.330497 -0.142466 -0.068467 0.000000 0.010330 0.106952
0.150138 -0.082115 0.104228 0.186356 0.085357 0.131108 0.101866 0.170833 -0.022739 0.048608 -0.065052 0.090255 0.056338 0.030649 -0.113010 -0.171551 -0.113634 0.053018 0.006368 0.062425 0.005663 -0.005751 0.033813 0.038332 -0.002057 -0.148492 -0.077593 -0.089808 0.041119 -0.097017 -0.162913 -0.105265 0.048717 -0.066477 0.064538 0.010693 -0.029219 0.193404 0.209255 0.095644 0.078749 -0.021587 0.114951 0.038957 0.084334 -0.146619 0.002599 0.021720 0.013554 0.088648 0.004530 0.303842 0.000028 0.052946 -0.113334 -0.099163 -0.000310 -0.046424 -0.311379 -0.111585 -0.163137 0.010330 0.000000 0.064234
0.081453 0.026459 0.225050 0.187197 0.166577 0.261689 0.175540 0.260947 -0.029958 0.097193 0.070089 0.132765 0.110920 0.098835 -0.223874 -0.174187 -0.022539 0.027156 0.053821 0.117935 -0.057629 0.021112 0.086219 0.112337 0.070508 -0.067661 -0.152334 -0.089762 0.099741 -0.031222 -0.199713 -0.213320 -0.026785 -0.053998 0.113192 0.110257 -0.083878 0.126295 0.347524 0.178172 0.228313 0.016071 0.214591 0.110789 0.085982 -0.158788 0.028112 0.032673 0.029988 0.087717 0.066538 0.077341 0.083936 0.157005 0.020997 0.004745 0.114308 -0.000256 -0.331963 -0.068292 -0.248321 0.106952 0.064234 0.000000
